1 0.00000000 0.00000000 
10 0.00000000 0.00000000
20 0.00000000 0.00000000 
30 0.00000000 0.00000000 
40 0.00000000 0.00000000 
50 0.00000000 0.00000000
50 0.00000000 0.00000000
100 0.00000000 0.00000000 
1000 0.00000000 0.00000000 
2000 0.00000000 0.01500000 
3000 0.01000000 0.03000000 
4000 0.00000000 0.04600000 
5000 0.00000000 0.06200000 
6000 0.00000000 0.09300000
7000 0.00000000 0.10900000
8000 0.00000000 0.15600000 
9000 0.00800000 0.20100000 
10000 0.00000000 0.23900000
11000 0.00000000 0.29700000 
12000 0.00000000 0.34300000 
13000 0.01000000 0.40200000 
14000 0.00000000 0.46900000
15000 0.00000000 0.53600000 
16000 0.00000000 0.60500000 
17000 0.00000000 0.68800000
18000 0.00000000 0.76400000 
19000 0.01000000 0.86200000 
20000 0.01500000 0.95400000 
